C0002000	30000000	C000000	43800000	0	1002	180000	78000	40004000	1
0		0		0	0		0	0
C0002000	30000000	C000000	43800000	0	1002	180000	78000	40004000	1
0		0		0	0		0	0
C0002000	30000000	C000000	43800000	0	1002	180000	78000	40004000	1
0		0		0	0		0	0
C0002000	30000000	C000000	43800000	0	1002	180000	78000	40004000	1
0		0		0	0		0	0
C0002000	30000000	C000000	43800000	0	1002	180000	78000	40004000	1
0		0		0	0		0	0
C0002000	30000000	C000000	43800000	0	1002	180000	78000	40004000	1
0		0		0	0		0	0
C0002000	30000000	C000000	43800000	0	1002	180000	78000	40004000	1
0		0		0	0		0	0
C0002000	30000000	C000000	43800000	0	1002	180000	78000	40004000	1
0		0		0	0		0	0
C0002000	30000000	C000000	43800000	0	1002	180000	78000	40004000	1
0		0		0	0		0	0
C0002000	30000000	C000000	43800000	0	1002	180000	78000	40004000	1
0		0		0	0		0	0
C0002000	30000000	C000000	43800000	0	1002	180000	78000	40004000	1
0		0		0	0		0	0
C0002000	30000000	C000000	43800000	0	1002	180000	78000	40004000	1
0		0		0	0		0	0
C0002000	30000000	C000000	43800000	0	1002	180000	78000	40004000	1
0		0		0	0		0	0
C0002000	30000000	C000000	43800000	0	1002	180000	78000	40004000	1
0		0		0	0		0	0
C0002000	30000000	C000000	43800000	0	1002	180000	78000	40004000	1
0		0		0	0		0	0
C0002000	30000000	C000000	43800000	0	1002	180000	78000	40004000	1
0		0		0	0		0	0
C0002000	30000000	C000000	43800000	0	1002	180000	78000	40004000	1
0		0		0	0		0	0
C0002000	30000000	C000000	43800000	0	1002	180000	78000	40004000	1
0		0		0	0		0	0
C0002000	30000000	C000000	43800000	0	1002	180000	78000	40004000	1
0		0		0	0		0	0
C0002000	30000000	C000000	43800000	0	1002	180000	78000	40004000	1
0		0		0	0		0	0
C0002000	30000000	C000000	43800000	0	1002	180000	78000	40004000	1
0		0		0	0		0	0
C0002000	30000000	C000000	43800000	0	1002	180000	78000	40004000	1
0		0		0	0		0	0
C0002000	30000000	C000000	43800000	0	1002	180000	78000	40004000	1
0		0		0	0		0	0
C0002000	30000000	C000000	43800000	0	1002	180000	78000	40004000	1
0		0		0	0		0	0



