400000	10000	0	200000	C0000000	20010	0	0	400000	0
0	0	0	0	0		0
400000	10000	0	200000	C0000000	20010	0	0	400000	0
0	0	0	0	0		0
400000	10000	0	200000	C0000000	20010	0	0	400000	0
0	0	0	0	0		0
400000	10000	0	200000	C0000000	20010	0	0	400000	0
0	0	0	0	0		0
400000	10000	0	200000	C0000000	20010	0	0	400000	0
0	0	0	0	0		0
400000	10000	0	200000	C0000000	20010	0	0	400000	0
0	0	0	0	0		0
400000	10000	0	200000	C0000000	20010	0	0	400000	0
0	0	0	0	0		0
400000	10000	0	200000	C0000000	20010	0	0	400000	0
0	0	0	0	0		0
400000	10000	0	200000	C0000000	20010	0	0	400000	0
0	0	0	0	0		0
400000	10000	0	200000	C0000000	20010	0	0	400000	0
0	0	0	0	0		0
400000	10000	0	200000	C0000000	20010	0	0	400000	0
0	0	0	0	0		0
400000	10000	0	200000	C0000000	20010	0	0	400000	0
0	0	0	0	0		0
400000	10000	0	200000	C0000000	20010	0	0	400000	0
0	0	0	0	0		0
400000	10000	0	200000	C0000000	20010	0	0	400000	0
0	0	0	0	0		0
400000	10000	0	200000	C0000000	20010	0	0	400000	0
0	0	0	0	0		0
400000	10000	0	200000	C0000000	20010	0	0	400000	0
0	0	0	0	0		0
400000	10000	0	200000	C0000000	20010	0	0	400000	0
0	0	0	0	0		0
400000	10000	0	200000	C0000000	20010	0	0	400000	0
0	0	0	0	0		0
400000	10000	0	200000	C0000000	20010	0	0	400000	0
0	0	0	0	0		0
400000	10000	0	200000	C0000000	20010	0	0	400000	0
0	0	0	0	0		0
400000	10000	0	200000	C0000000	20010	0	0	400000	0
0	0	0	0	0		0
400000	10000	0	200000	C0000000	20010	0	0	400000	0
0	0	0	0	0		0
